0 0.3546875 0.9171875 0.2734375 0.103125
0 0.35859375 0.7984375 0.271875 0.1
1 0.36640625 0.65625 0.275 0.1015625
1 0.36015625 0.53046875 0.275 0.0953125
0 0.3390625 0.4140625 0.26875 0.10625
0 0.3453125 0.29375 0.271875 0.10625
1 0.340625 0.17734375 0.2625 0.11875
1 0.346875 0.05703125 0.2609375 0.1
0 0.75625 0.8578125 0.2453125 0.246875
1 0.74921875 0.65546875 0.2 0.115625
1 0.74765625 0.52421875 0.196875 0.1203125
0 0.7625 0.38828125 0.253125 0.1046875
0 0.76171875 0.28515625 0.259375 0.096875
1 0.7640625 0.18046875 0.246875 0.09375
1 0.76015625 0.07265625 0.25625 0.09375