0 0.0828125 0.3546875 0.103125 0.2734375
0 0.2015625 0.35859375 0.1 0.271875
1 0.34375 0.36640625 0.1015625 0.275
1 0.46953125 0.36015625 0.0953125 0.275
0 0.5859375 0.3390625 0.10625 0.26875
0 0.70625 0.3453125 0.10625 0.271875
1 0.82265625 0.340625 0.11875 0.2625
1 0.94296875 0.346875 0.1 0.2609375
0 0.1421875 0.75625 0.246875 0.2453125
1 0.34453125 0.74921875 0.115625 0.2
1 0.47578125 0.74765625 0.1203125 0.196875
0 0.61171875 0.7625 0.1046875 0.253125
0 0.71484375 0.76171875 0.096875 0.259375
1 0.81953125 0.7640625 0.09375 0.246875
1 0.92734375 0.76015625 0.09375 0.25625