0 0.6453125 0.0828125 0.2734375 0.103125
0 0.64140625 0.2015625 0.271875 0.1
1 0.63359375 0.34375 0.275 0.1015625
1 0.63984375 0.46953125 0.275 0.0953125
0 0.6609375 0.5859375 0.26875 0.10625
0 0.6546875 0.70625 0.271875 0.10625
1 0.659375 0.82265625 0.2625 0.1203125
1 0.653125 0.94296875 0.2609375 0.1015625
0 0.24375 0.1421875 0.2453125 0.246875
1 0.25078125 0.34453125 0.2 0.115625
1 0.25234375 0.47578125 0.196875 0.1203125
0 0.2375 0.61171875 0.253125 0.1046875
0 0.23828125 0.71484375 0.259375 0.096875
1 0.2359375 0.81953125 0.246875 0.09375
1 0.23984375 0.92734375 0.25625 0.09375